1 1 1 40 1 1 1 1 -6 -7 -7 -6 -7 -7 -6 -7 6
1 1 35 1 1 1 1 1 -6 -6 -6 -6 -6 -6 -6 -5 5
0 10 0 0 0 0 0 0 -1 -1 -2 -2 -2 -2 -1 -1 2
1 1 1 1 33 1 1 1 -6 -7 -7 0 -6 -7 -7 -6 6
17 0 0 -1 0 0 0 0 -2 -4 -2 -4 -1 -4 -3 -1 5
2 2 2 2 2 13 2 61 -11 -13 -13 -12 -13 -12 -11 -12 11
0 0 0 0 0 0 13 0 -1 -1 -4 -4 -2 -2 -1 -2 4
-35 -29 -37 -36 -30 -26 -29 -29 -6 2 2 5 7 11 1 9 220
-6 -3 -6 -7 -5 -4 -1 -2 28 32 33 33 31 31 29 27 0
0 0 0 0 0 17 0 -1 -2 -1 -1 -5 -5 -3 -3 -2 6
-3 -4 1 1 0 0 -8 1 27 -13 4 -8 -12 -3 -7 -4 28
0 0 15 0 0 0 1 3 -11 -9 -14 42 -11 -12 -10 -8 14
2 11 0 0 3 3 0 1 -10 -9 -8 -10 -10 36 -11 -9 11
-6 -3 -6 -4 -6 -2 -1 0 -5 1 1 3 4 4 2 3 27
5 -2 -8 -1 -2 -3 -1 -1 2 2 -6 -4 7 2 -7 -6 23
-2 -2 -1 -4 0 -2 -2 -1 5 -2 -3 -4 5 -2 1 3 16
3 -9 0 0 0 -6 -1 1 5 -13 3 8 -4 -11 8 -14 30
-2 0 0 0 -2 1 3 1 -7 5 -10 3 -10 -4 5 3 14
1 -2 0 -2 -2 1 -2 -2 -2 3 3 0 3 -1 1 -4 12
0 -1 0 0 4 1 0 1 -6 -7 2 -5 9 0 -7 1 8
-8 -10 -9 -10 -12 -9 -6 -2 4 11 11 10 4 7 1 3 53
-1 -8 -8 -8 -3 -8 -4 -7 5 9 6 9 2 9 7 6 37
-2 -2 -2 1 -2 -2 -2 1 3 -2 -2 -4 0 3 1 -2 14
-2 -1 -1 0 -1 0 -2 -2 1 1 -1 1 -1 -2 1 -1 10
0 -3 0 0 -1 -6 1 1 -3 -4 -3 2 2 2 3 -4 14
-3 -1 -3 -3 -3 -1 -1 -3 15 15 17 17 17 17 16 16 0
2 3 4 5 0 5 3 1 -2 -3 -2 -20 -20 41 -18 -19 20
-1 -1 -3 -5 -2 -4 -3 -5 -3 1 2 -1 2 -1 -2 2 24
-1 -1 1 -2 -1 -1 -3 -2 0 0 0 2 0 -3 2 -5 14
0 -4 -3 -1 -4 -4 -1 -3 3 2 1 3 4 3 -2 1 18
-1 -2 -2 -2 -1 4 -2 -2 3 3 -4 -1 -2 -3 -1 -1 14
-2 -2 -2 -2 -2 2 -1 -1 2 2 -3 -2 -1 -4 1 1 14
2 -1 -2 -1 -1 -2 -4 -2 -5 -3 2 -1 1 -1 1 1 16
-1 -1 -1 -1 -1 -2 0 2 -1 -2 -1 1 1 -1 -3 2 9
-1 -1 0 0 -2 -1 -1 -1 1 -2 -2 -3 1 1 1 1 9
